# origen destino prob multiplicador
# prob: probabilidad de que la arista transmita (la del grafo original)
# multiplicador: factor de velocidad del frente (meteorología, anchura...)
9 12 0.5623 0.90
12 9 0.6087 1.20
13 19 0.9879 0.79
19 13 0.7491 1.23
11 18 0.3777 1.28
18 11 0.5201 1.06
0 1 0.8787 0.87
1 0 0.6663 0.88
0 18 0.3285 1.46
18 0 0.6006 1.13
5 10 0.3069 0.50
10 5 0.6783 0.93
16 19 0.9774 1.28
19 16 0.3554 0.93
3 9 0.8336 0.93
9 3 0.7742 0.98
3 7 0.6709 0.93
7 3 0.382 0.96
4 8 0.9816 0.95
8 4 0.3458 0.61
0 15 0.8304 0.77
15 0 0.4599 1.14
6 15 0.7936 0.72
15 6 0.3807 0.66
16 17 0.5484 0.65
17 16 0.7824 0.94
14 16 0.5563 0.73
16 14 0.4398 0.85
8 18 0.4397 1.28
18 8 0.6561 0.74
2 17 0.7198 0.50
17 2 0.3582 1.26
2 8 0.8544 0.91
8 2 0.7211 0.79
7 17 0.9961 0.85
17 7 0.7789 1.10
10 12 0.5326 0.92
12 10 0.1703 0.96
1 8 0.2996 1.00
8 1 0.7531 1.09
14 17 0.3272 0.78
17 14 0.0309 0.99
6 8 0.7524 0.79
8 6 0.6527 0.69
14 19 0.6355 1.16
19 14 0.4676 1.01
2 6 0.7526 0.89
6 2 0.5601 1.50
6 12 0.6313 1.06
12 6 0.7706 1.41
3 10 0.9159 0.86
10 3 0.5353 1.50
11 15 0.5404 1.20
15 11 0.6516 0.59
2 3 0.9631 0.71
3 2 0.6421 1.24
1 6 0.6849 1.15
6 1 0.6098 0.88
3 6 0.1299 1.05
6 3 0.686 0.89
1 15 0.7294 0.98
15 1 0.645 0.77
8 17 0.6289 1.30
17 8 0.6488 0.91
4 11 0.6383 0.79
11 4 0.6997 1.12
7 16 0.9712 1.22
16 7 0.6606 0.97
9 10 0.734 0.94
10 9 0.7034 1.04
4 14 0.731 1.05
14 4 0.4212 1.09
4 18 0.913 1.29
18 4 0.3118 1.10
