# origen destino prob multiplicador
# prob: probabilidad de que la arista transmita (la del grafo original)
# multiplicador: factor de velocidad del frente (meteorología, anchura...)
10 13 0.4915 1.21
13 10 0.6486 1.18
2 8 0.5901 0.59
8 2 0.6832 1.26
4 11 0.7127 0.73
11 4 0.6353 1.00
1 16 0.1091 0.72
16 1 0.6261 0.68
5 17 0.3059 1.08
17 5 0.4302 1.28
1 14 0.6099 1.25
14 1 0.5376 1.08
1 6 0.8964 0.72
6 1 0.6582 1.18
12 15 0.9925 0.81
15 12 0.6322 1.14
7 10 0.7122 1.13
10 7 0.6202 1.28
0 16 0.4868 0.99
16 0 0.6313 0.96
7 18 0.325 1.50
18 7 0.4166 0.69
7 14 0.7471 1.12
14 7 0.7306 1.35
10 19 0.3486 0.90
19 10 0.3286 0.83
9 13 0.997 1.07
13 9 0.1116 1.08
3 8 0.6703 1.41
8 3 0.1935 0.74
2 18 0.0733 1.31
18 2 0.4276 0.88
4 15 0.8294 1.08
15 4 0.7674 1.42
3 4 0.7221 0.90
4 3 0.7705 0.90
16 17 0.807 0.70
17 16 0.7076 0.93
7 9 0.0733 1.24
9 7 0.7378 0.88
3 19 0.2259 1.15
19 3 0.1017 1.03
10 18 0.9667 0.66
18 10 0.4967 0.82
2 3 0.5027 1.13
3 2 0.7516 0.93
7 17 0.4098 0.96
17 7 0.3967 1.17
3 17 0.4186 0.94
17 3 0.6714 1.29
3 11 0.9263 1.04
11 3 0.2989 1.15
12 19 0.8682 1.04
19 12 0.1272 0.83
9 10 0.7635 0.79
10 9 0.2332 1.04
9 19 0.5564 0.80
19 9 0.6544 1.22
6 17 0.7447 0.94
17 6 0.4984 0.79
5 16 0.5061 1.21
16 5 0.6642 0.97
17 18 0.1562 1.02
18 17 0.4582 1.16
11 15 0.8927 1.13
15 11 0.3661 1.36
9 14 0.7235 1.34
14 9 0.596 1.09
8 17 0.8899 0.50
17 8 0.6845 0.71
0 14 0.601 0.65
14 0 0.3049 1.42
6 16 0.9929 1.17
16 6 0.7283 1.23
3 15 0.9194 0.92
15 3 0.7884 1.06
6 14 0.4511 1.11
14 6 0.2282 0.95
11 12 0.9781 0.77
12 11 0.622 1.13
3 18 0.7395 0.53
18 3 0.7986 0.91
