# origen destino prob multiplicador
# prob: probabilidad de que la arista transmita (la del grafo original)
# multiplicador: factor de velocidad del frente (meteorología, anchura...)
12 18 0.6155 1.10
18 12 0.3291 0.66
11 16 0.9638 0.88
16 11 0.4783 0.54
2 9 0.9921 0.80
9 2 0.7524 0.94
12 13 0.7701 0.72
13 12 0.7361 0.75
9 11 0.3799 0.86
11 9 0.1362 0.52
3 5 0.8115 0.99
5 3 0.7036 1.29
4 15 0.9599 1.14
15 4 0.5812 0.77
3 8 0.9138 0.58
8 3 0.7185 1.15
9 19 0.7454 1.50
19 9 0.5427 1.25
4 7 0.9302 1.15
7 4 0.3544 1.04
0 7 0.7864 1.05
7 0 0.7219 1.08
4 13 0.2219 1.05
13 4 0.7736 0.61
10 17 0.3884 1.13
17 10 0.7003 0.73
3 6 0.9446 1.17
6 3 0.7443 1.05
6 18 0.503 1.11
18 6 0.781 1.02
17 19 0.9417 1.18
19 17 0.6912 0.79
18 19 0.4401 1.02
19 18 0.7919 0.78
1 15 0.7651 1.05
15 1 0.7813 1.15
0 14 0.344 0.88
14 0 0.1815 0.87
0 4 0.6641 0.86
4 0 0.6995 1.19
3 7 0.5861 0.78
7 3 0.6206 0.76
8 11 0.8796 1.00
11 8 0.5561 0.50
5 7 0.0461 1.29
7 5 0.7157 0.50
8 9 0.4451 1.08
9 8 0.1167 1.39
4 12 0.7488 1.07
12 4 0.2759 1.50
1 17 0.5349 0.83
17 1 0.7822 0.86
1 19 0.6105 0.82
19 1 0.5846 1.12
2 10 0.9687 1.17
10 2 0.3531 1.22
9 18 0.1204 1.01
18 9 0.5861 0.81
2 19 0.9043 0.60
19 2 0.3293 0.99
1 10 0.9599 0.74
10 1 0.5778 1.25
6 8 0.3075 0.72
8 6 0.546 1.03
12 15 0.7833 0.79
15 12 0.429 1.16
10 19 0.8632 0.92
19 10 0.5681 1.14
13 18 0.9041 0.79
18 13 0.522 1.02
6 7 0.7795 1.32
7 6 0.4584 1.20
15 19 0.1906 1.08
19 15 0.4928 1.29
12 19 0.1197 0.76
19 12 0.4802 1.08
5 8 0.8108 1.26
8 5 0.5819 1.08
1 14 0.4535 1.37
14 1 0.499 0.58
14 15 0.5538 1.11
15 14 0.7119 0.90
9 16 0.2408 0.99
16 9 0.7405 0.91
