# origen destino prob multiplicador
# prob: probabilidad de que la arista transmita (la del grafo original)
# multiplicador: factor de velocidad del frente (meteorología, anchura...)
3 10 0.7438 0.90
10 3 0.4455 1.09
15 16 0.608 1.12
16 15 0.7391 1.15
14 19 0.2214 0.97
19 14 0.7708 1.50
9 12 0.7411 1.22
12 9 0.6102 1.08
2 11 0.3808 0.70
11 2 0.614 1.33
12 18 0.6331 1.10
18 12 0.3362 0.88
6 8 0.7624 0.78
8 6 0.1528 0.63
6 18 0.8689 0.66
18 6 0.4402 0.70
12 17 0.2625 1.14
17 12 0.4869 0.83
7 19 0.4256 1.11
19 7 0.3236 0.92
2 3 0.9239 1.30
3 2 0.5697 0.96
1 18 0.8908 1.02
18 1 0.2435 1.15
7 13 0.8863 1.24
13 7 0.721 1.04
9 15 0.5644 0.96
15 9 0.6758 1.38
0 19 0.5275 1.29
19 0 0.7247 1.08
4 17 0.8746 1.23
17 4 0.5985 1.50
5 11 0.7988 0.68
11 5 0.2143 1.50
1 2 0.9716 0.87
2 1 0.0508 1.04
9 13 0.7558 1.09
13 9 0.4314 0.97
17 18 0.2014 0.98
18 17 0.5212 0.62
3 6 0.535 1.33
6 3 0.6464 0.98
1 19 0.4644 0.92
19 1 0.3515 1.23
7 9 0.4579 1.16
9 7 0.4212 1.26
12 13 0.9132 0.90
13 12 0.7241 0.95
11 19 0.0116 0.71
19 11 0.6607 1.29
1 11 0.6649 1.45
11 1 0.5085 0.77
1 3 0.7047 1.19
3 1 0.7088 1.21
6 10 0.2829 1.47
10 6 0.2588 0.98
15 17 0.9339 1.21
17 15 0.4652 1.43
4 6 0.7973 1.10
6 4 0.729 0.91
7 15 0.5322 1.14
15 7 0.7155 0.66
3 18 0.9839 1.00
18 3 0.7955 1.18
4 16 0.9206 0.55
16 4 0.6864 1.50
8 10 0.6086 1.32
10 8 0.7702 1.10
4 15 0.5657 1.08
15 4 0.6816 1.03
0 11 0.7898 0.91
11 0 0.398 1.29
5 14 0.9777 1.00
14 5 0.5893 0.99
12 15 0.7841 1.50
15 12 0.0485 0.56
