# origen destino prob multiplicador
# prob: probabilidad de que la arista transmita (la del grafo original)
# multiplicador: factor de velocidad del frente (meteorología, anchura...)
13 19 0.1197 0.50
19 13 0.3241 1.19
6 7 0.8967 0.71
7 6 0.7797 0.83
3 19 0.5961 1.15
19 3 0.3316 1.41
11 13 0.0847 1.00
13 11 0.1103 0.50
10 12 0.3266 1.20
12 10 0.6731 0.92
0 7 0.9762 0.80
7 0 0.4408 0.95
1 18 0.3692 0.66
18 1 0.3969 0.50
15 18 0.9347 0.89
18 15 0.346 0.79
14 16 0.7299 1.03
16 14 0.2909 1.19
9 16 0.9186 0.88
16 9 0.7946 0.77
1 16 0.561 1.03
16 1 0.6021 0.68
0 18 0.7221 1.50
18 0 0.4336 1.00
1 2 0.7045 1.29
2 1 0.5093 1.16
10 15 0.6908 1.24
15 10 0.5381 0.87
4 17 0.8768 0.81
17 4 0.1183 0.77
7 8 0.8544 1.37
8 7 0.7925 0.66
3 5 0.8362 0.83
5 3 0.447 0.83
10 17 0.8469 1.06
17 10 0.6972 1.08
4 5 0.7466 0.92
5 4 0.7991 0.74
12 18 0.2285 1.50
18 12 0.2223 1.08
3 16 0.6994 1.16
16 3 0.7669 0.78
8 12 0.8784 1.50
12 8 0.5428 0.80
0 8 0.9067 1.01
8 0 0.1049 1.06
2 18 0.7515 1.23
18 2 0.302 1.19
5 10 0.7471 1.05
10 5 0.7016 1.12
2 5 0.7259 1.50
5 2 0.3406 1.38
7 14 0.5545 1.05
14 7 0.6392 0.67
0 14 0.988 0.75
14 0 0.6053 0.99
3 4 0.5278 0.72
4 3 0.4758 1.25
0 12 0.8671 1.07
12 0 0.6889 1.26
3 13 0.734 1.35
13 3 0.4932 1.13
3 9 0.3277 0.90
9 3 0.6483 0.51
6 9 0.5791 1.11
9 6 0.5833 0.90
1 14 0.4504 0.74
14 1 0.7386 1.18
10 18 0.7787 1.29
18 10 0.3131 1.17
6 8 0.5303 1.49
8 6 0.6948 1.34
14 18 0.9713 0.75
18 14 0.5359 1.28
12 17 0.2954 1.13
17 12 0.58 0.50
