# origen destino prob multiplicador
# prob: probabilidad de que la arista transmita (la del grafo original)
# multiplicador: factor de velocidad del frente (meteorología, anchura...)
9 14 0.8609 0.97
14 9 0.5308 1.02
11 19 0.8325 1.31
19 11 0.7749 1.03
3 17 0.4832 1.11
17 3 0.7935 1.16
9 15 0.874 1.34
15 9 0.2937 1.22
5 18 0.3176 0.74
18 5 0.4744 0.67
4 13 0.7329 1.43
13 4 0.7916 1.38
3 7 0.4358 0.96
7 3 0.7572 0.90
10 18 0.5747 1.10
18 10 0.6917 0.81
6 13 0.8029 0.99
13 6 0.4021 0.66
8 12 0.8353 0.87
12 8 0.4933 1.06
14 16 0.3484 1.02
16 14 0.3399 1.18
4 12 0.8174 1.12
12 4 0.512 1.34
17 18 0.4102 0.88
18 17 0.5457 1.06
0 1 0.4632 0.83
1 0 0.6452 1.21
5 13 0.5289 0.71
13 5 0.5555 0.83
0 10 0.3485 1.13
10 0 0.7444 1.14
11 17 0.9024 0.74
17 11 0.3591 1.46
1 2 0.966 1.14
2 1 0.6881 1.05
10 16 0.4863 1.07
16 10 0.7167 0.97
9 13 0.3917 1.17
13 9 0.6959 1.05
0 2 0.7964 0.78
2 0 0.4755 1.32
10 19 0.9239 0.91
19 10 0.3754 0.80
10 13 0.7241 1.21
13 10 0.7356 1.29
5 8 0.3534 1.01
8 5 0.4224 1.03
11 18 0.2652 1.10
18 11 0.7619 0.93
4 5 0.6604 1.10
5 4 0.426 1.15
3 5 0.3038 0.56
5 3 0.5701 1.06
6 15 0.8489 1.03
15 6 0.719 0.93
3 18 0.0782 0.58
18 3 0.6662 0.64
13 16 0.804 1.37
16 13 0.611 1.12
12 13 0.0546 1.18
13 12 0.2559 1.02
7 11 0.7581 1.07
11 7 0.567 0.86
9 16 0.876 0.93
16 9 0.6524 0.83
1 19 0.7093 1.14
19 1 0.4181 0.89
7 17 0.6009 1.25
17 7 0.5496 1.03
6 12 0.6068 1.11
12 6 0.365 0.94
8 11 0.7612 0.99
11 8 0.2144 1.09
13 14 0.8863 1.22
14 13 0.7726 1.42
0 19 0.5186 0.62
19 0 0.2758 1.26
